QGC	WPL	110									
0	0	0	16	0	0	0	0.0	45.65096138	-118.81179335   358.68000000 1
1	1	0	16	0	0	0	0.0	45.65129326	-118.80218429	405.88000000 1
2	2	0	16	0	0	0	0.0	45.65424226	-118.79955504	385.48000000 1
3	3	0	16	0	0	0	0.0	45.65481245	-118.79610524	339.48000000 1
4	4	0	16	0	0	0	0.0	45.65325562	-118.78523738	351.08000000 1
5	5	0	16	0	0	0	0.0	45.65496458	-118.77488764	355.08000000 1
6	6	0	16	0	0	0	0.0	45.65227675	-118.75816328	384.68000000 1
7	7	0	16	0	0	0	0.0	45.65350932	-118.75068819	376.48000000 1
8	8	0	16	0	0	0	0.0	45.66155986	-118.74251890	416.38000000 1
9	9	0	16	0	0	0	0.0	45.67062770	-118.73834416	352.38000000 1
10	10	0	16	0	0	0	0.0	45.67327357	-118.73499940	356.68000000 1
11	11	0	16	0	0	0	0.0	45.67409034	-118.72494761	358.48000000 1
12	12	0	16	0	0	0	0.0	45.67660524	-118.71730257	361.78000000 1
13	13	0	16	0	0	0	0.0	45.67426599	-118.70859810	369.58000000 1
14	14	0	16	0	0	0	0.0	45.67338102	-118.69613967	373.18000000 1
15	15	0	16	0	0	0	0.0	45.67079381	-118.69403674	374.38000000 1
16	16	0	16	0	0	0	0.0	45.66937778	-118.68990508	378.08000000 1
17	17	0	16	0	0	0	0.0	45.66701670	-118.69152600	386.28000000 1
18	18	0	16	0	0	0	0.0	45.66520395	-118.68725874	389.68000000 1
